第一关
25    25    7
0000000000000000000000000
0011100010111101111011110
0011100010111101111011110
0001000010100101001010010
0001000010100101001010010
0101010010111101111010010
0101010010111101111010010
0111110010000100001010010
0111110010000100001010010
0100010010111101111011110
0100010010111101111011110
0000000000000000000000000
0000000000000000000000000
2211111111111111111111122
2211111111111111111111122
0000000000022200000000000
0000000000022200000000000
1111111000001000001111111
0000000000011100000000000
0011111110001000111111100
0000000000000000000000000
1111111000111110001111111
0000000000000000000000000
0011111110011100111111100
0000000000019100000000000
第二关
19 19 8
0000000000000100000
1111010111110101011
0001010001000101000
0101011111011101010
0100010100010001010
0111110101011111110
0000010001000000010
1111110101111111010
0100000100010000010
0101112111011111110
0100000001010000000
0101110111010111111
0100010101000000000
0111120101111221110
0100010100000000010
0101010111111111010
0001010000000001010
0112111111111101011
0000000019100000000

第三关
13       13       6
0000000000000
0101010101010
0101010101010
0101012101010
0101010101010
0101000001010
0000010100000
2201000001022
0000010100000
0101011101010
0101000001010
0101011101010
0000019100000